0,0,0.0689655172414
0,1,0.0196078431373
0,2,0.0146341463415
0,3,0.0194174757282
0,4,0.1
0,5,0.0
0,6,0.0
0,7,0.0
0,8,0.0196078431373
0,9,0.025
0,10,0.038961038961
0,11,0.0379746835443
0,12,0.0576923076923
0,13,0.0449438202247
0,14,0.0363636363636
0,15,0.285714285714
0,16,0.0333333333333
0,17,0.0480769230769
0,18,0.131578947368
0,19,0.0190476190476
1,0,0.620689655172
1,1,0.0294117647059
1,2,0.0292682926829
1,3,0.126213592233
1,4,0.65
1,5,0.0869565217391
1,6,0.014598540146
1,7,0.243243243243
1,8,0.0392156862745
1,9,0.0583333333333
1,10,0.454545454545
1,11,0.0506329113924
1,12,0.0769230769231
1,13,0.168539325843
1,14,0.0363636363636
1,15,0.261904761905
1,16,0.1
1,17,0.0288461538462
1,18,0.0526315789474
1,19,0.0380952380952
2,0,0.0
2,1,0.0
2,2,0.0146341463415
2,3,0.0
2,4,0.0
2,5,0.0144927536232
2,6,0.102189781022
2,7,0.121621621622
2,8,0.0
2,9,0.05
2,10,0.0519480519481
2,11,0.0632911392405
2,12,0.0
2,13,0.0224719101124
2,14,0.0
2,15,0.0
2,16,0.0666666666667
2,17,0.163461538462
2,18,0.0
2,19,0.0571428571429
3,0,0.0
3,1,0.0196078431373
3,2,0.0146341463415
3,3,0.0
3,4,0.0166666666667
3,5,0.0
3,6,0.0510948905109
3,7,0.0405405405405
3,8,0.0
3,9,0.0166666666667
3,10,0.012987012987
3,11,0.0379746835443
3,12,0.0
3,13,0.0
3,14,0.0
3,15,0.0
3,16,0.0
3,17,0.0192307692308
3,18,0.0789473684211
3,19,0.047619047619
4,0,0.0
4,1,0.0
4,2,0.0
4,3,0.0194174757282
4,4,0.0333333333333
4,5,0.0724637681159
4,6,0.0
4,7,0.202702702703
4,8,0.0
4,9,0.00833333333333
4,10,0.0649350649351
4,11,0.0
4,12,0.0
4,13,0.0224719101124
4,14,0.0
4,15,0.0
4,16,0.0
4,17,0.0
4,18,0.131578947368
4,19,0.00952380952381
5,0,0.0
5,1,0.00980392156863
5,2,0.0
5,3,0.0
5,4,0.0
5,5,0.0
5,6,0.0
5,7,0.0
5,8,0.0
5,9,0.0
5,10,0.0
5,11,0.0
5,12,0.0
5,13,0.0
5,14,0.0
5,15,0.190476190476
5,16,0.166666666667
5,17,0.0
5,18,0.0263157894737
5,19,0.0
6,0,0.0
6,1,0.0490196078431
6,2,0.136585365854
6,3,0.504854368932
6,4,0.466666666667
6,5,0.0724637681159
6,6,0.029197080292
6,7,0.0405405405405
6,8,0.0980392156863
6,9,0.725
6,10,0.233766233766
6,11,0.0506329113924
6,12,0.153846153846
6,13,0.191011235955
6,14,0.0727272727273
6,15,0.214285714286
6,16,0.1
6,17,0.0961538461538
6,18,0.736842105263
6,19,0.180952380952
7,0,0.931034482759
7,1,0.627450980392
7,2,0.126829268293
7,3,0.407766990291
7,4,0.65
7,5,0.0579710144928
7,6,0.21897810219
7,7,0.324324324324
7,8,0.294117647059
7,9,0.466666666667
7,10,0.467532467532
7,11,0.227848101266
7,12,0.278846153846
7,13,0.269662921348
7,14,1.0
7,15,1.0
7,16,0.433333333333
7,17,0.278846153846
7,18,0.5
7,19,0.257142857143
8,0,0.0689655172414
8,1,0.078431372549
8,2,0.0926829268293
8,3,0.0388349514563
8,4,0.0333333333333
8,5,0.275362318841
8,6,0.029197080292
8,7,0.0675675675676
8,8,0.607843137255
8,9,0.35
8,10,0.207792207792
8,11,0.0253164556962
8,12,0.240384615385
8,13,0.0337078651685
8,14,0.327272727273
8,15,0.0714285714286
8,16,0.0
8,17,0.211538461538
8,18,0.0526315789474
8,19,0.52380952381
9,0,0.172413793103
9,1,0.274509803922
9,2,0.175609756098
9,3,0.436893203883
9,4,0.0
9,5,0.101449275362
9,6,0.204379562044
9,7,0.324324324324
9,8,0.509803921569
9,9,0.275
9,10,0.0779220779221
9,11,0.113924050633
9,12,0.365384615385
9,13,0.23595505618
9,14,0.0909090909091
9,15,0.0
9,16,0.0
9,17,1.0
9,18,0.0263157894737
9,19,1.0
10,0,0.0
10,1,0.0
10,2,0.00975609756098
10,3,0.00970873786408
10,4,0.183333333333
10,5,0.0
10,6,0.00729927007299
10,7,0.0135135135135
10,8,0.0196078431373
10,9,0.00833333333333
10,10,0.0
10,11,0.0
10,12,0.0
10,13,0.0449438202247
10,14,0.0181818181818
10,15,0.0
10,16,0.0
10,17,0.0288461538462
10,18,0.0263157894737
10,19,0.0190476190476
11,0,0.0
11,1,0.0
11,2,0.00487804878049
11,3,0.0291262135922
11,4,0.0333333333333
11,5,0.0
11,6,0.0
11,7,0.0
11,8,0.0
11,9,0.075
11,10,0.0
11,11,0.0
11,12,0.0
11,13,0.0
11,14,0.0
11,15,0.0
11,16,0.0
11,17,0.0192307692308
11,18,0.0789473684211
11,19,0.0
12,0,0.0
12,1,0.313725490196
12,2,0.0829268292683
12,3,0.184466019417
12,4,0.283333333333
12,5,0.449275362319
12,6,0.0
12,7,0.0
12,8,0.21568627451
12,9,0.275
12,10,0.311688311688
12,11,0.0886075949367
12,12,0.0961538461538
12,13,0.157303370787
12,14,0.672727272727
12,15,0.0238095238095
12,16,0.333333333333
12,17,0.0576923076923
12,18,0.421052631579
12,19,0.047619047619
13,0,0.206896551724
13,1,0.107843137255
13,2,0.0536585365854
13,3,0.0291262135922
13,4,0.116666666667
13,5,0.115942028986
13,6,0.109489051095
13,7,0.405405405405
13,8,0.0980392156863
13,9,0.208333333333
13,10,0.220779220779
13,11,0.126582278481
13,12,0.0865384615385
13,13,0.0337078651685
13,14,0.145454545455
13,15,0.047619047619
13,16,0.0666666666667
13,17,0.163461538462
13,18,0.157894736842
13,19,0.438095238095
14,0,0.0
14,1,0.00980392156863
14,2,0.00487804878049
14,3,0.0194174757282
14,4,0.0333333333333
14,5,0.0144927536232
14,6,0.00729927007299
14,7,0.0
14,8,0.0
14,9,0.0166666666667
14,10,0.0
14,11,0.0
14,12,0.0
14,13,0.0
14,14,0.0181818181818
14,15,0.0
14,16,0.133333333333
14,17,0.0
14,18,0.0
14,19,0.0
15,0,0.0689655172414
15,1,0.0196078431373
15,2,0.0341463414634
15,3,0.155339805825
15,4,0.1
15,5,0.0
15,6,0.0729927007299
15,7,0.256756756757
15,8,0.0980392156863
15,9,0.0416666666667
15,10,0.038961038961
15,11,0.0759493670886
15,12,0.0192307692308
15,13,0.0337078651685
15,14,0.109090909091
15,15,0.0238095238095
15,16,0.0
15,17,0.00961538461538
15,18,0.0526315789474
15,19,0.0761904761905
16,0,0.103448275862
16,1,0.0196078431373
16,2,0.0
16,3,0.0
16,4,0.0
16,5,0.0
16,6,0.0
16,7,0.027027027027
16,8,0.0
16,9,0.0
16,10,0.038961038961
16,11,0.0
16,12,0.00961538461538
16,13,0.0
16,14,0.0
16,15,0.0
16,16,0.0
16,17,0.00961538461538
16,18,0.0
16,19,0.047619047619
17,0,0.137931034483
17,1,0.0882352941176
17,2,0.0243902439024
17,3,0.0776699029126
17,4,0.133333333333
17,5,0.202898550725
17,6,0.270072992701
17,7,0.364864864865
17,8,0.0980392156863
17,9,0.166666666667
17,10,0.0519480519481
17,11,0.0886075949367
17,12,0.00961538461538
17,13,0.0674157303371
17,14,0.0545454545455
17,15,0.0
17,16,0.0666666666667
17,17,0.0384615384615
17,18,0.131578947368
17,19,0.0380952380952
18,0,0.0
18,1,0.00980392156863
18,2,0.0243902439024
18,3,0.0388349514563
18,4,0.0
18,5,0.0434782608696
18,6,0.0
18,7,0.0135135135135
18,8,0.0196078431373
18,9,0.00833333333333
18,10,0.012987012987
18,11,0.0
18,12,0.0673076923077
18,13,0.0337078651685
18,14,0.0181818181818
18,15,0.0714285714286
18,16,0.0
18,17,0.00961538461538
18,18,0.105263157895
18,19,0.0190476190476
19,0,1.0
19,1,0.0294117647059
19,2,0.0487804878049
19,3,0.106796116505
19,4,0.666666666667
19,5,0.449275362319
19,6,0.0
19,7,0.027027027027
19,8,0.21568627451
19,9,0.25
19,10,0.896103896104
19,11,0.0126582278481
19,12,0.0769230769231
19,13,0.0449438202247
19,14,0.290909090909
19,15,0.0
19,16,0.2
19,17,0.692307692308
19,18,0.868421052632
19,19,0.32380952381
20,0,0.0
20,1,0.00980392156863
20,2,0.00975609756098
20,3,0.0
20,4,0.0
20,5,0.0
20,6,0.00729927007299
20,7,0.0405405405405
20,8,0.0196078431373
20,9,0.0416666666667
20,10,0.025974025974
20,11,0.0126582278481
20,12,0.0480769230769
20,13,0.0
20,14,0.0
20,15,0.0
20,16,0.0
20,17,0.00961538461538
20,18,0.0263157894737
20,19,0.0761904761905
21,0,0.0689655172414
21,1,0.0
21,2,0.00975609756098
21,3,0.0873786407767
21,4,0.2
21,5,0.0144927536232
21,6,0.043795620438
21,7,0.175675675676
21,8,0.078431372549
21,9,0.0666666666667
21,10,0.103896103896
21,11,0.0886075949367
21,12,0.0961538461538
21,13,0.14606741573
21,14,0.0
21,15,0.380952380952
21,16,0.0
21,17,0.0384615384615
21,18,0.0789473684211
21,19,0.104761904762
22,0,0.103448275862
22,1,0.00980392156863
22,2,0.0
22,3,0.00970873786408
22,4,0.0666666666667
22,5,0.0
22,6,0.167883211679
22,7,0.0405405405405
22,8,0.0196078431373
22,9,0.00833333333333
22,10,0.103896103896
22,11,0.101265822785
22,12,0.0192307692308
22,13,0.0
22,14,0.0
22,15,0.0714285714286
22,16,0.166666666667
22,17,0.240384615385
22,18,0.0263157894737
22,19,0.0190476190476
23,0,0.344827586207
23,1,0.00980392156863
23,2,0.258536585366
23,3,0.106796116505
23,4,0.283333333333
23,5,0.0724637681159
23,6,0.233576642336
23,7,1.0
23,8,0.0196078431373
23,9,0.641666666667
23,10,0.454545454545
23,11,1.0
23,12,1.0
23,13,0.842696629213
23,14,0.0
23,15,0.97619047619
23,16,0.0
23,17,0.557692307692
23,18,0.157894736842
23,19,0.304761904762
24,0,0.103448275862
24,1,0.0
24,2,0.00487804878049
24,3,0.0194174757282
24,4,0.0833333333333
24,5,0.0289855072464
24,6,0.0
24,7,0.0
24,8,0.0392156862745
24,9,0.0416666666667
24,10,0.0779220779221
24,11,0.0
24,12,0.0288461538462
24,13,0.0449438202247
24,14,0.0727272727273
24,15,0.0238095238095
24,16,0.0666666666667
24,17,0.0769230769231
24,18,0.0526315789474
24,19,0.0666666666667
25,0,0.0
25,1,0.117647058824
25,2,0.0146341463415
25,3,0.0
25,4,0.266666666667
25,5,0.0434782608696
25,6,0.021897810219
25,7,0.0675675675676
25,8,0.0
25,9,0.05
25,10,0.220779220779
25,11,0.0
25,12,0.0480769230769
25,13,0.112359550562
25,14,0.0
25,15,0.119047619048
25,16,0.1
25,17,0.0673076923077
25,18,0.105263157895
25,19,0.0
26,0,0.0344827586207
26,1,0.0
26,2,0.0
26,3,0.0291262135922
26,4,0.0666666666667
26,5,0.0
26,6,0.0
26,7,0.0540540540541
26,8,0.176470588235
26,9,0.00833333333333
26,10,0.0
26,11,0.0379746835443
26,12,0.0865384615385
26,13,0.0112359550562
26,14,0.0
26,15,0.0238095238095
26,16,0.0
26,17,0.0288461538462
26,18,0.157894736842
26,19,0.0952380952381
27,0,0.48275862069
27,1,0.0
27,2,0.00487804878049
27,3,0.184466019417
27,4,0.3
27,5,0.0
27,6,0.109489051095
27,7,0.135135135135
27,8,0.0196078431373
27,9,0.216666666667
27,10,0.0
27,11,0.0
27,12,0.0576923076923
27,13,0.0224719101124
27,14,0.254545454545
27,15,0.0
27,16,0.466666666667
27,17,0.0480769230769
27,18,0.131578947368
27,19,0.0952380952381
28,0,0.137931034483
28,1,0.0196078431373
28,2,0.0243902439024
28,3,0.00970873786408
28,4,0.133333333333
28,5,0.101449275362
28,6,0.014598540146
28,7,0.027027027027
28,8,0.0588235294118
28,9,0.0666666666667
28,10,0.116883116883
28,11,0.0
28,12,0.0192307692308
28,13,0.0786516853933
28,14,0.0
28,15,0.0238095238095
28,16,0.1
28,17,0.0192307692308
28,18,0.0263157894737
28,19,0.104761904762
29,0,0.0
29,1,0.00980392156863
29,2,0.0
29,3,0.00970873786408
29,4,0.183333333333
29,5,0.0
29,6,0.014598540146
29,7,0.0
29,8,0.0
29,9,0.108333333333
29,10,0.012987012987
29,11,0.0
29,12,0.0
29,13,0.0
29,14,0.0
29,15,0.0
29,16,1.0
29,17,0.0
29,18,0.0
29,19,0.0
30,0,0.0
30,1,0.0
30,2,0.0292682926829
30,3,0.0
30,4,0.0166666666667
30,5,0.0289855072464
30,6,0.0
30,7,0.0
30,8,0.0196078431373
30,9,0.0333333333333
30,10,0.012987012987
30,11,0.0126582278481
30,12,0.0
30,13,0.0
30,14,0.0181818181818
30,15,0.0
30,16,0.0
30,17,0.0192307692308
30,18,0.0
30,19,0.0571428571429
31,0,0.0
31,1,0.00980392156863
31,2,0.10243902439
31,3,0.00970873786408
31,4,0.0333333333333
31,5,0.0
31,6,0.00729927007299
31,7,0.0135135135135
31,8,0.0196078431373
31,9,0.0583333333333
31,10,0.194805194805
31,11,0.0
31,12,0.0
31,13,0.0112359550562
31,14,0.0
31,15,0.0
31,16,0.0
31,17,0.0
31,18,0.315789473684
31,19,0.0
32,0,0.0
32,1,0.0196078431373
32,2,0.00975609756098
32,3,0.00970873786408
32,4,0.0166666666667
32,5,0.0289855072464
32,6,0.0
32,7,0.0
32,8,0.0
32,9,0.0166666666667
32,10,0.0
32,11,0.0
32,12,0.0192307692308
32,13,0.0224719101124
32,14,0.0181818181818
32,15,0.0
32,16,0.0333333333333
32,17,0.0
32,18,0.0
32,19,0.0285714285714
33,0,0.241379310345
33,1,0.0882352941176
33,2,0.117073170732
33,3,0.194174757282
33,4,0.4
33,5,0.217391304348
33,6,0.0
33,7,0.337837837838
33,8,0.0392156862745
33,9,0.208333333333
33,10,0.714285714286
33,11,0.0126582278481
33,12,0.153846153846
33,13,0.0449438202247
33,14,0.181818181818
33,15,0.238095238095
33,16,0.166666666667
33,17,0.0865384615385
33,18,0.447368421053
33,19,0.257142857143
34,0,0.137931034483
34,1,0.0294117647059
34,2,0.0585365853659
34,3,0.0679611650485
34,4,0.0166666666667
34,5,0.0
34,6,0.0
34,7,0.0
34,8,0.0588235294118
34,9,0.283333333333
34,10,0.12987012987
34,11,0.0379746835443
34,12,0.0
34,13,0.0337078651685
34,14,0.145454545455
34,15,0.0
34,16,0.0
34,17,0.0
34,18,0.131578947368
34,19,0.0285714285714
35,0,0.310344827586
35,1,0.480392156863
35,2,1.0
35,3,0.281553398058
35,4,0.133333333333
35,5,1.0
35,6,0.102189781022
35,7,0.405405405405
35,8,0.0196078431373
35,9,1.0
35,10,0.103896103896
35,11,0.101265822785
35,12,0.201923076923
35,13,1.0
35,14,0.0545454545455
35,15,0.0714285714286
35,16,0.0333333333333
35,17,0.259615384615
35,18,0.368421052632
35,19,0.219047619048
36,0,0.344827586207
36,1,0.176470588235
36,2,0.0975609756098
36,3,0.349514563107
36,4,0.416666666667
36,5,0.63768115942
36,6,0.043795620438
36,7,0.108108108108
36,8,0.333333333333
36,9,0.466666666667
36,10,0.25974025974
36,11,0.227848101266
36,12,0.461538461538
36,13,0.202247191011
36,14,0.290909090909
36,15,0.333333333333
36,16,0.333333333333
36,17,0.490384615385
36,18,0.868421052632
36,19,0.428571428571
37,0,0.0344827586207
37,1,0.0196078431373
37,2,0.0
37,3,0.0
37,4,0.0
37,5,0.0
37,6,0.00729927007299
37,7,0.0
37,8,0.0392156862745
37,9,0.0
37,10,0.012987012987
37,11,0.0632911392405
37,12,0.0
37,13,0.0112359550562
37,14,0.0
37,15,0.0
37,16,0.0
37,17,0.0
37,18,0.0
37,19,0.0380952380952
38,0,0.0
38,1,0.0
38,2,0.00487804878049
38,3,0.0194174757282
38,4,0.0
38,5,0.0
38,6,0.0
38,7,0.0
38,8,0.0
38,9,0.0166666666667
38,10,0.0
38,11,0.0253164556962
38,12,0.0
38,13,0.0337078651685
38,14,0.0
38,15,0.0
38,16,0.0
38,17,0.0
38,18,0.0526315789474
38,19,0.0
39,0,0.51724137931
39,1,0.0
39,2,0.0878048780488
39,3,0.320388349515
39,4,0.283333333333
39,5,0.0434782608696
39,6,0.0
39,7,0.0
39,8,0.0392156862745
39,9,0.0
39,10,0.0
39,11,0.0
39,12,0.298076923077
39,13,0.0
39,14,0.0
39,15,0.0
39,16,0.0
39,17,0.125
39,18,0.0
39,19,0.457142857143
40,0,0.0
40,1,0.0392156862745
40,2,0.00975609756098
40,3,0.0194174757282
40,4,0.0333333333333
40,5,0.0
40,6,0.00729927007299
40,7,0.0
40,8,0.0196078431373
40,9,0.0666666666667
40,10,0.025974025974
40,11,0.0
40,12,0.00961538461538
40,13,0.0112359550562
40,14,0.0545454545455
40,15,0.0
40,16,0.0
40,17,0.0
40,18,0.0263157894737
40,19,0.00952380952381
41,0,0.0689655172414
41,1,0.764705882353
41,2,0.0146341463415
41,3,0.0291262135922
41,4,0.316666666667
41,5,0.608695652174
41,6,0.014598540146
41,7,0.0675675675676
41,8,0.0196078431373
41,9,0.408333333333
41,10,0.038961038961
41,11,0.0126582278481
41,12,0.0480769230769
41,13,0.0561797752809
41,14,0.0545454545455
41,15,0.0238095238095
41,16,0.266666666667
41,17,0.153846153846
41,18,0.5
41,19,0.133333333333
42,0,0.0
42,1,0.0392156862745
42,2,0.00975609756098
42,3,0.0291262135922
42,4,0.0333333333333
42,5,0.0
42,6,0.014598540146
42,7,0.0
42,8,0.0980392156863
42,9,0.0
42,10,0.0
42,11,0.0
42,12,0.0192307692308
42,13,0.0112359550562
42,14,0.0727272727273
42,15,0.047619047619
42,16,0.1
42,17,0.00961538461538
42,18,0.0263157894737
42,19,0.0
43,0,0.344827586207
43,1,0.0588235294118
43,2,0.0243902439024
43,3,0.466019417476
43,4,0.283333333333
43,5,0.144927536232
43,6,0.014598540146
43,7,0.0405405405405
43,8,0.0588235294118
43,9,0.116666666667
43,10,0.220779220779
43,11,0.101265822785
43,12,0.759615384615
43,13,0.0898876404494
43,14,0.454545454545
43,15,0.142857142857
43,16,0.266666666667
43,17,0.144230769231
43,18,1.0
43,19,0.152380952381
44,0,0.0
44,1,0.0
44,2,0.0
44,3,0.0873786407767
44,4,0.0166666666667
44,5,0.0724637681159
44,6,0.0
44,7,0.0
44,8,0.0
44,9,0.266666666667
44,10,0.662337662338
44,11,0.0
44,12,0.326923076923
44,13,0.0
44,14,0.0
44,15,0.0238095238095
44,16,0.0
44,17,0.00961538461538
44,18,0.0789473684211
44,19,0.0
45,0,0.0
45,1,0.0
45,2,0.0
45,3,0.0388349514563
45,4,0.316666666667
45,5,0.0434782608696
45,6,0.0
45,7,0.0
45,8,0.0
45,9,0.0416666666667
45,10,0.0
45,11,0.0253164556962
45,12,0.0
45,13,0.0337078651685
45,14,0.0
45,15,0.0
45,16,0.333333333333
45,17,0.0
45,18,0.0263157894737
45,19,0.0
46,0,0.103448275862
46,1,0.0490196078431
46,2,0.00975609756098
46,3,0.00970873786408
46,4,0.0333333333333
46,5,0.0724637681159
46,6,0.043795620438
46,7,0.0135135135135
46,8,0.0196078431373
46,9,0.0166666666667
46,10,0.0
46,11,0.0
46,12,0.0480769230769
46,13,0.0
46,14,0.0545454545455
46,15,0.0238095238095
46,16,0.0333333333333
46,17,0.00961538461538
46,18,0.0263157894737
46,19,0.0
47,0,0.137931034483
47,1,0.0686274509804
47,2,0.0682926829268
47,3,0.0291262135922
47,4,0.1
47,5,0.188405797101
47,6,0.029197080292
47,7,0.0810810810811
47,8,0.0980392156863
47,9,0.0583333333333
47,10,0.0779220779221
47,11,0.20253164557
47,12,0.25
47,13,0.134831460674
47,14,0.0727272727273
47,15,0.119047619048
47,16,0.0666666666667
47,17,0.134615384615
47,18,0.394736842105
47,19,0.171428571429
48,0,0.0
48,1,0.0
48,2,0.0243902439024
48,3,0.0
48,4,0.0166666666667
48,5,0.0144927536232
48,6,0.0
48,7,0.0135135135135
48,8,0.0
48,9,0.0416666666667
48,10,0.025974025974
48,11,0.0
48,12,0.0
48,13,0.0786516853933
48,14,0.0
48,15,0.0
48,16,0.0
48,17,0.0
48,18,0.0
48,19,0.047619047619
49,0,0.0
49,1,1.0
49,2,0.0243902439024
49,3,1.0
49,4,0.3
49,5,0.0
49,6,0.00729927007299
49,7,0.527027027027
49,8,0.0
49,9,0.333333333333
49,10,0.142857142857
49,11,0.0
49,12,0.0
49,13,0.0224719101124
49,14,0.0
49,15,0.761904761905
49,16,0.0
49,17,0.211538461538
49,18,0.0
49,19,0.0666666666667
50,0,0.0
50,1,0.0490196078431
50,2,0.146341463415
50,3,0.145631067961
50,4,0.183333333333
50,5,0.101449275362
50,6,0.0
50,7,0.297297297297
50,8,0.333333333333
50,9,0.0
50,10,0.532467532468
50,11,0.113924050633
50,12,0.163461538462
50,13,0.0561797752809
50,14,0.218181818182
50,15,0.0
50,16,0.333333333333
50,17,0.125
50,18,0.0263157894737
50,19,0.133333333333
51,0,0.0
51,1,0.0294117647059
51,2,0.0390243902439
51,3,0.0485436893204
51,4,0.0
51,5,0.0
51,6,0.00729927007299
51,7,0.0
51,8,0.0392156862745
51,9,0.0333333333333
51,10,0.0519480519481
51,11,0.0
51,12,0.0
51,13,0.0
51,14,0.0
51,15,0.0
51,16,0.0
51,17,0.0769230769231
51,18,0.0
51,19,0.161904761905
52,0,0.0
52,1,0.0490196078431
52,2,0.0
52,3,0.0485436893204
52,4,0.0833333333333
52,5,0.0144927536232
52,6,0.131386861314
52,7,0.0
52,8,0.0
52,9,0.05
52,10,0.0
52,11,0.0379746835443
52,12,0.0288461538462
52,13,0.0224719101124
52,14,0.0
52,15,0.0238095238095
52,16,0.0333333333333
52,17,0.0192307692308
52,18,0.0526315789474
52,19,0.0
53,0,0.0
53,1,0.0
53,2,0.0
53,3,0.0
53,4,0.0166666666667
53,5,0.0579710144928
53,6,0.109489051095
53,7,0.148648648649
53,8,0.0196078431373
53,9,0.0
53,10,0.116883116883
53,11,0.0
53,12,0.0865384615385
53,13,0.0
53,14,0.0
53,15,0.0
53,16,0.0333333333333
53,17,0.0288461538462
53,18,0.0789473684211
53,19,0.342857142857
54,0,0.172413793103
54,1,0.0588235294118
54,2,0.0292682926829
54,3,0.106796116505
54,4,0.4
54,5,0.0
54,6,0.160583941606
54,7,0.216216216216
54,8,0.137254901961
54,9,0.0166666666667
54,10,0.0
54,11,0.0379746835443
54,12,0.0961538461538
54,13,0.280898876404
54,14,0.0
54,15,0.142857142857
54,16,0.0
54,17,0.00961538461538
54,18,0.105263157895
54,19,0.219047619048
55,0,0.0
55,1,0.00980392156863
55,2,0.0243902439024
55,3,0.0679611650485
55,4,0.383333333333
55,5,0.0
55,6,0.00729927007299
55,7,0.0
55,8,0.0588235294118
55,9,0.0166666666667
55,10,0.038961038961
55,11,0.0
55,12,0.0384615384615
55,13,0.0
55,14,0.0909090909091
55,15,0.047619047619
55,16,0.0333333333333
55,17,0.0
55,18,0.0789473684211
55,19,0.0571428571429
56,0,0.0
56,1,0.0
56,2,0.0
56,3,0.00970873786408
56,4,0.0166666666667
56,5,0.0144927536232
56,6,0.0
56,7,0.0
56,8,0.156862745098
56,9,0.0
56,10,0.025974025974
56,11,0.0
56,12,0.0576923076923
56,13,0.0
56,14,0.145454545455
56,15,0.0
56,16,0.0
56,17,0.0
56,18,0.0789473684211
56,19,0.00952380952381
57,0,0.0344827586207
57,1,0.225490196078
57,2,0.0634146341463
57,3,0.271844660194
57,4,0.0666666666667
57,5,0.0869565217391
57,6,0.0
57,7,0.0
57,8,0.117647058824
57,9,0.025
57,10,0.168831168831
57,11,0.0886075949367
57,12,0.0384615384615
57,13,0.0224719101124
57,14,0.236363636364
57,15,0.0
57,16,0.0666666666667
57,17,0.0480769230769
57,18,0.447368421053
57,19,0.0285714285714
58,0,0.0
58,1,0.0
58,2,0.0390243902439
58,3,0.0485436893204
58,4,0.05
58,5,0.130434782609
58,6,0.0
58,7,0.0
58,8,0.235294117647
58,9,0.0416666666667
58,10,0.246753246753
58,11,0.0
58,12,0.0480769230769
58,13,0.123595505618
58,14,0.0363636363636
58,15,0.0238095238095
58,16,0.0333333333333
58,17,0.0
58,18,0.184210526316
58,19,0.0380952380952
59,0,0.0344827586207
59,1,0.0
59,2,0.0439024390244
59,3,0.0485436893204
59,4,0.0166666666667
59,5,0.0289855072464
59,6,0.021897810219
59,7,0.027027027027
59,8,0.666666666667
59,9,0.025
59,10,0.038961038961
59,11,0.189873417722
59,12,0.221153846154
59,13,0.258426966292
59,14,0.2
59,15,0.047619047619
59,16,0.433333333333
59,17,0.0673076923077
59,18,0.236842105263
59,19,0.0857142857143
60,0,0.0
60,1,0.0
60,2,0.112195121951
60,3,0.155339805825
60,4,0.15
60,5,0.0434782608696
60,6,0.379562043796
60,7,0.594594594595
60,8,0.0
60,9,0.533333333333
60,10,1.0
60,11,0.151898734177
60,12,0.221153846154
60,13,0.179775280899
60,14,0.0363636363636
60,15,0.0
60,16,0.0666666666667
60,17,0.461538461538
60,18,0.0263157894737
60,19,0.647619047619
61,0,0.0
61,1,0.0
61,2,0.00487804878049
61,3,0.0194174757282
61,4,0.0166666666667
61,5,0.0
61,6,0.00729927007299
61,7,0.0
61,8,0.0
61,9,0.0166666666667
61,10,0.0779220779221
61,11,0.0
61,12,0.00961538461538
61,13,0.0337078651685
61,14,0.0
61,15,0.0
61,16,0.0
61,17,0.00961538461538
61,18,0.0263157894737
61,19,0.00952380952381
62,0,0.0
62,1,0.0
62,2,0.00487804878049
62,3,0.0194174757282
62,4,0.0166666666667
62,5,0.0
62,6,0.014598540146
62,7,0.0
62,8,0.0196078431373
62,9,0.0333333333333
62,10,0.103896103896
62,11,0.0
62,12,0.0192307692308
62,13,0.0674157303371
62,14,0.0363636363636
62,15,0.0
62,16,0.0333333333333
62,17,0.0
62,18,0.210526315789
62,19,0.0
63,0,0.0
63,1,0.0
63,2,0.0
63,3,0.0194174757282
63,4,0.0166666666667
63,5,0.0
63,6,0.0
63,7,0.0405405405405
63,8,0.0
63,9,0.075
63,10,0.038961038961
63,11,0.0
63,12,0.0192307692308
63,13,0.213483146067
63,14,0.0
63,15,0.0
63,16,0.2
63,17,0.0
63,18,0.0263157894737
63,19,0.161904761905
64,0,0.0
64,1,0.00980392156863
64,2,0.019512195122
64,3,0.0
64,4,0.0
64,5,0.0
64,6,0.0
64,7,0.0
64,8,0.0
64,9,0.00833333333333
64,10,0.0519480519481
64,11,0.0
64,12,0.0192307692308
64,13,0.0
64,14,0.0
64,15,0.0
64,16,0.0
64,17,0.0288461538462
64,18,0.0
64,19,0.0380952380952
65,0,0.965517241379
65,1,0.196078431373
65,2,0.190243902439
65,3,0.00970873786408
65,4,0.0166666666667
65,5,0.0
65,6,0.014598540146
65,7,0.0540540540541
65,8,0.549019607843
65,9,0.566666666667
65,10,0.0519480519481
65,11,0.0
65,12,0.240384615385
65,13,0.0449438202247
65,14,0.8
65,15,0.0
65,16,0.0
65,17,0.0865384615385
65,18,0.0
65,19,0.0
66,0,0.0344827586207
66,1,0.0
66,2,0.00975609756098
66,3,0.0194174757282
66,4,0.0833333333333
66,5,0.0
66,6,0.014598540146
66,7,0.0405405405405
66,8,0.117647058824
66,9,0.05
66,10,0.025974025974
66,11,0.0126582278481
66,12,0.0192307692308
66,13,0.0337078651685
66,14,0.0
66,15,0.0238095238095
66,16,0.0
66,17,0.0
66,18,0.0
66,19,0.0761904761905
67,0,0.0
67,1,0.0
67,2,0.0
67,3,0.00970873786408
67,4,0.0833333333333
67,5,0.0
67,6,0.0
67,7,0.0
67,8,0.0
67,9,0.05
67,10,0.0
67,11,0.0
67,12,0.0
67,13,0.0224719101124
67,14,0.0
67,15,0.0
67,16,0.0333333333333
67,17,0.0
67,18,0.0
67,19,0.0190476190476
68,0,0.241379310345
68,1,0.0
68,2,0.0292682926829
68,3,0.0
68,4,0.0166666666667
68,5,0.0
68,6,0.014598540146
68,7,0.027027027027
68,8,0.0
68,9,0.0666666666667
68,10,0.012987012987
68,11,0.0
68,12,0.144230769231
68,13,0.0
68,14,0.0
68,15,0.0
68,16,0.0
68,17,0.00961538461538
68,18,0.473684210526
68,19,0.0
69,0,0.0344827586207
69,1,0.0
69,2,0.00975609756098
69,3,0.0194174757282
69,4,0.0166666666667
69,5,0.0144927536232
69,6,0.043795620438
69,7,0.0405405405405
69,8,0.0392156862745
69,9,0.00833333333333
69,10,0.012987012987
69,11,0.0
69,12,0.00961538461538
69,13,0.0
69,14,0.0181818181818
69,15,0.0238095238095
69,16,0.0
69,17,0.0288461538462
69,18,0.0
69,19,0.00952380952381
70,0,0.0344827586207
70,1,0.0
70,2,0.00975609756098
70,3,0.0
70,4,0.0
70,5,0.0144927536232
70,6,0.0
70,7,0.0
70,8,0.254901960784
70,9,0.0
70,10,0.0649350649351
70,11,0.0
70,12,0.0769230769231
70,13,0.0
70,14,0.0
70,15,0.0
70,16,0.0
70,17,0.0865384615385
70,18,0.0
70,19,0.0857142857143
71,0,0.0
71,1,0.00980392156863
71,2,0.00487804878049
71,3,0.0776699029126
71,4,0.333333333333
71,5,0.0289855072464
71,6,0.0
71,7,0.0
71,8,0.0588235294118
71,9,0.1
71,10,0.025974025974
71,11,0.0253164556962
71,12,0.0384615384615
71,13,0.0786516853933
71,14,0.0
71,15,0.119047619048
71,16,0.1
71,17,0.0961538461538
71,18,0.131578947368
71,19,0.0380952380952
72,0,0.206896551724
72,1,0.127450980392
72,2,0.126829268293
72,3,0.592233009709
72,4,1.0
72,5,0.0434782608696
72,6,0.014598540146
72,7,0.0
72,8,0.313725490196
72,9,0.383333333333
72,10,0.350649350649
72,11,0.0506329113924
72,12,0.0961538461538
72,13,0.0224719101124
72,14,0.181818181818
72,15,0.0
72,16,0.2
72,17,0.0
72,18,0.157894736842
72,19,0.104761904762
73,0,0.206896551724
73,1,0.264705882353
73,2,0.0
73,3,0.271844660194
73,4,0.0333333333333
73,5,0.0
73,6,0.160583941606
73,7,0.486486486486
73,8,0.156862745098
73,9,0.341666666667
73,10,0.12987012987
73,11,0.0632911392405
73,12,0.0769230769231
73,13,0.303370786517
73,14,0.0363636363636
73,15,0.0
73,16,0.0
73,17,0.201923076923
73,18,0.0526315789474
73,19,0.0857142857143
74,0,0.0344827586207
74,1,0.00980392156863
74,2,0.0
74,3,0.0
74,4,0.35
74,5,0.0
74,6,0.00729927007299
74,7,0.175675675676
74,8,0.137254901961
74,9,0.00833333333333
74,10,0.116883116883
74,11,0.0759493670886
74,12,0.365384615385
74,13,0.0337078651685
74,14,0.0545454545455
74,15,0.0
74,16,0.0
74,17,0.0
74,18,0.0
74,19,0.133333333333
75,0,0.0
75,1,0.0294117647059
75,2,0.0146341463415
75,3,0.106796116505
75,4,0.0666666666667
75,5,0.0289855072464
75,6,0.0
75,7,0.0
75,8,0.0980392156863
75,9,0.158333333333
75,10,0.025974025974
75,11,0.0
75,12,0.0384615384615
75,13,0.0
75,14,0.345454545455
75,15,0.047619047619
75,16,0.0
75,17,0.0
75,18,0.0
75,19,0.0190476190476
76,0,0.0689655172414
76,1,0.117647058824
76,2,0.0829268292683
76,3,0.349514563107
76,4,0.35
76,5,0.202898550725
76,6,0.021897810219
76,7,0.0540540540541
76,8,0.313725490196
76,9,0.175
76,10,0.623376623377
76,11,0.0253164556962
76,12,0.182692307692
76,13,0.0674157303371
76,14,0.109090909091
76,15,0.0952380952381
76,16,0.533333333333
76,17,0.144230769231
76,18,0.0789473684211
76,19,0.47619047619
77,0,0.0
77,1,0.0
77,2,0.0585365853659
77,3,0.0
77,4,0.166666666667
77,5,0.0
77,6,0.036496350365
77,7,0.0
77,8,0.0
77,9,0.0833333333333
77,10,0.012987012987
77,11,0.0
77,12,0.269230769231
77,13,0.0561797752809
77,14,0.0363636363636
77,15,0.166666666667
77,16,0.0333333333333
77,17,0.0769230769231
77,18,0.131578947368
77,19,0.047619047619
78,0,0.0
78,1,0.00980392156863
78,2,0.019512195122
78,3,0.0
78,4,0.0
78,5,0.0
78,6,0.043795620438
78,7,0.0
78,8,0.0
78,9,0.0666666666667
78,10,0.0
78,11,0.0253164556962
78,12,0.134615384615
78,13,0.0
78,14,0.0
78,15,0.0
78,16,0.0
78,17,0.0480769230769
78,18,0.0
78,19,0.0
79,0,0.137931034483
79,1,0.0
79,2,0.0146341463415
79,3,0.00970873786408
79,4,0.0666666666667
79,5,0.0
79,6,0.0
79,7,0.148648648649
79,8,0.0
79,9,0.0666666666667
79,10,0.0
79,11,0.0
79,12,0.317307692308
79,13,0.202247191011
79,14,0.0
79,15,0.0
79,16,0.0
79,17,0.0192307692308
79,18,0.710526315789
79,19,0.0285714285714
80,0,0.344827586207
80,1,0.00980392156863
80,2,0.0634146341463
80,3,0.00970873786408
80,4,0.216666666667
80,5,0.0724637681159
80,6,0.226277372263
80,7,0.216216216216
80,8,0.196078431373
80,9,0.0416666666667
80,10,0.038961038961
80,11,0.0759493670886
80,12,0.0192307692308
80,13,0.112359550562
80,14,0.2
80,15,0.0238095238095
80,16,0.0333333333333
80,17,0.00961538461538
80,18,0.0789473684211
80,19,0.0190476190476
81,0,0.0
81,1,0.0
81,2,0.0439024390244
81,3,0.0582524271845
81,4,0.0666666666667
81,5,0.0144927536232
81,6,0.043795620438
81,7,0.0135135135135
81,8,0.0196078431373
81,9,0.00833333333333
81,10,0.0779220779221
81,11,0.0886075949367
81,12,0.0384615384615
81,13,0.0786516853933
81,14,0.0
81,15,0.0
81,16,0.0
81,17,0.0192307692308
81,18,0.184210526316
81,19,0.0190476190476
82,0,0.172413793103
82,1,0.00980392156863
82,2,0.0
82,3,0.0485436893204
82,4,0.0166666666667
82,5,0.0724637681159
82,6,0.0
82,7,0.0
82,8,0.0
82,9,0.0
82,10,0.0
82,11,0.0
82,12,0.0961538461538
82,13,0.0112359550562
82,14,0.0
82,15,0.0
82,16,0.2
82,17,0.0
82,18,0.157894736842
82,19,0.0
83,0,0.0
83,1,0.00980392156863
83,2,0.00975609756098
83,3,0.00970873786408
83,4,0.0
83,5,0.0
83,6,0.014598540146
83,7,0.0675675675676
83,8,0.0
83,9,0.025
83,10,0.0
83,11,0.0506329113924
83,12,0.0
83,13,0.0224719101124
83,14,0.0
83,15,0.0
83,16,0.0
83,17,0.0
83,18,0.0
83,19,0.0
84,0,0.0
84,1,0.0
84,2,0.019512195122
84,3,0.0776699029126
84,4,0.0666666666667
84,5,0.217391304348
84,6,0.0
84,7,0.0
84,8,0.0196078431373
84,9,0.0583333333333
84,10,0.116883116883
84,11,0.0126582278481
84,12,0.0480769230769
84,13,0.14606741573
84,14,0.0
84,15,0.261904761905
84,16,0.0
84,17,0.0
84,18,0.105263157895
84,19,0.00952380952381
85,0,0.0344827586207
85,1,0.0196078431373
85,2,0.0975609756098
85,3,0.223300970874
85,4,0.0
85,5,0.0144927536232
85,6,0.0875912408759
85,7,0.175675675676
85,8,0.0196078431373
85,9,0.0333333333333
85,10,0.467532467532
85,11,0.101265822785
85,12,0.153846153846
85,13,0.449438202247
85,14,0.0727272727273
85,15,0.0
85,16,0.1
85,17,0.144230769231
85,18,0.0
85,19,0.419047619048
86,0,0.0
86,1,0.0
86,2,0.00487804878049
86,3,0.0194174757282
86,4,0.0166666666667
86,5,0.0
86,6,0.0
86,7,0.0
86,8,0.0
86,9,0.0333333333333
86,10,0.0
86,11,0.0
86,12,0.0480769230769
86,13,0.0561797752809
86,14,0.0909090909091
86,15,0.0238095238095
86,16,0.0
86,17,0.0
86,18,0.0
86,19,0.0
87,0,0.172413793103
87,1,0.00980392156863
87,2,0.0487804878049
87,3,0.359223300971
87,4,0.566666666667
87,5,0.36231884058
87,6,0.0583941605839
87,7,0.0675675675676
87,8,0.372549019608
87,9,0.358333333333
87,10,0.12987012987
87,11,0.0379746835443
87,12,0.346153846154
87,13,0.23595505618
87,14,0.0909090909091
87,15,0.0
87,16,0.1
87,17,0.0288461538462
87,18,0.815789473684
87,19,0.0666666666667
88,0,0.793103448276
88,1,0.176470588235
88,2,0.0
88,3,0.0
88,4,0.333333333333
88,5,0.231884057971
88,6,1.0
88,7,0.689189189189
88,8,1.0
88,9,0.133333333333
88,10,0.012987012987
88,11,0.0506329113924
88,12,0.0
88,13,0.0112359550562
88,14,0.472727272727
88,15,0.0
88,16,0.0
88,17,0.25
88,18,0.394736842105
88,19,0.485714285714
89,0,0.0
89,1,0.0196078431373
89,2,0.0
89,3,0.0
89,4,0.0
89,5,0.0
89,6,0.0
89,7,0.027027027027
89,8,0.0392156862745
89,9,0.0333333333333
89,10,0.012987012987
89,11,0.0
89,12,0.0288461538462
89,13,0.0224719101124
89,14,0.0181818181818
89,15,0.0
89,16,0.0
89,17,0.0
89,18,0.0
89,19,0.047619047619
90,0,0.0
90,1,0.0490196078431
90,2,0.00975609756098
90,3,0.0388349514563
90,4,0.0333333333333
90,5,0.0
90,6,0.0
90,7,0.0
90,8,0.0
90,9,0.0166666666667
90,10,0.0
90,11,0.0
90,12,0.173076923077
90,13,0.0224719101124
90,14,0.0181818181818
90,15,0.0
90,16,0.0333333333333
90,17,0.0
90,18,0.131578947368
90,19,0.0285714285714
91,0,0.0
91,1,0.0
91,2,0.0
91,3,0.0
91,4,0.0166666666667
91,5,0.0289855072464
91,6,0.00729927007299
91,7,0.0405405405405
91,8,0.0
91,9,0.0
91,10,0.207792207792
91,11,0.0
91,12,0.0
91,13,0.0
91,14,0.0181818181818
91,15,0.0
91,16,0.0333333333333
91,17,0.00961538461538
91,18,0.0
91,19,0.00952380952381
92,0,0.0
92,1,0.0
92,2,0.00975609756098
92,3,0.0291262135922
92,4,0.0
92,5,0.0289855072464
92,6,0.00729927007299
92,7,0.0
92,8,0.0
92,9,0.00833333333333
92,10,0.0519480519481
92,11,0.0
92,12,0.0384615384615
92,13,0.0112359550562
92,14,0.0
92,15,0.0
92,16,0.0
92,17,0.00961538461538
92,18,0.0
92,19,0.0380952380952
93,0,0.137931034483
93,1,0.0490196078431
93,2,0.00975609756098
93,3,0.0194174757282
93,4,0.0666666666667
93,5,0.0289855072464
93,6,0.0
93,7,0.0
93,8,0.0196078431373
93,9,0.025
93,10,0.0
93,11,0.0253164556962
93,12,0.0192307692308
93,13,0.123595505618
93,14,0.0181818181818
93,15,0.0
93,16,0.0333333333333
93,17,0.0288461538462
93,18,0.131578947368
93,19,0.00952380952381
94,0,0.0344827586207
94,1,0.0
94,2,0.0731707317073
94,3,0.0
94,4,0.233333333333
94,5,0.159420289855
94,6,0.021897810219
94,7,0.027027027027
94,8,0.0980392156863
94,9,0.0916666666667
94,10,0.0909090909091
94,11,0.0506329113924
94,12,0.134615384615
94,13,0.168539325843
94,14,0.0
94,15,0.0
94,16,0.0
94,17,0.0865384615385
94,18,0.526315789474
94,19,0.0190476190476
95,0,0.0
95,1,0.0
95,2,0.00487804878049
95,3,0.0291262135922
95,4,0.133333333333
95,5,0.0
95,6,0.0729927007299
95,7,0.0135135135135
95,8,0.0196078431373
95,9,0.166666666667
95,10,0.0
95,11,0.0126582278481
95,12,0.0192307692308
95,13,0.0
95,14,0.0
95,15,0.0238095238095
95,16,0.0
95,17,0.0576923076923
95,18,0.0
95,19,0.0
96,0,0.0344827586207
96,1,0.00980392156863
96,2,0.0390243902439
96,3,0.0291262135922
96,4,0.116666666667
96,5,0.0144927536232
96,6,0.0
96,7,0.0135135135135
96,8,0.078431372549
96,9,0.0666666666667
96,10,0.038961038961
96,11,0.0632911392405
96,12,0.0384615384615
96,13,0.0224719101124
96,14,0.0545454545455
96,15,0.0
96,16,0.233333333333
96,17,0.0
96,18,0.0789473684211
96,19,0.0285714285714
97,0,0.0344827586207
97,1,0.0392156862745
97,2,0.0341463414634
97,3,0.106796116505
97,4,0.15
97,5,0.144927536232
97,6,0.00729927007299
97,7,0.0405405405405
97,8,0.078431372549
97,9,0.108333333333
97,10,0.12987012987
97,11,0.0759493670886
97,12,0.384615384615
97,13,0.0224719101124
97,14,0.0181818181818
97,15,0.0238095238095
97,16,0.566666666667
97,17,0.0673076923077
97,18,0.710526315789
97,19,0.0952380952381
98,0,0.103448275862
98,1,0.0686274509804
98,2,0.0292682926829
98,3,0.0
98,4,0.133333333333
98,5,0.202898550725
98,6,0.102189781022
98,7,0.432432432432
98,8,0.0
98,9,0.208333333333
98,10,0.12987012987
98,11,0.0759493670886
98,12,0.105769230769
98,13,0.0561797752809
98,14,0.472727272727
98,15,0.0
98,16,0.766666666667
98,17,0.0865384615385
98,18,0.0
98,19,0.2
99,0,0.241379310345
99,1,0.0
99,2,0.0
99,3,0.0
99,4,0.0
99,5,0.0
99,6,0.029197080292
99,7,0.0945945945946
99,8,0.0
99,9,0.00833333333333
99,10,0.0
99,11,0.0253164556962
99,12,0.0
99,13,0.0112359550562
99,14,0.0
99,15,0.0
99,16,0.0
99,17,0.00961538461538
99,18,0.0
99,19,0.0190476190476
100,0,0.0
100,1,0.0
100,2,0.00487804878049
100,3,0.0485436893204
100,4,0.25
100,5,0.0
100,6,0.0802919708029
100,7,0.0810810810811
100,8,0.0980392156863
100,9,0.0166666666667
100,10,0.025974025974
100,11,0.0
100,12,0.0384615384615
100,13,0.0
100,14,0.0
100,15,0.0
100,16,0.0
100,17,0.0192307692308
100,18,0.157894736842
100,19,0.0380952380952
